50, 30
420, 30

420, 30 [460, 30]
460, 60 [490, 30]

460, 60  [430, 90]
280, 170 [350, 130]

280, 170 [240, 190]
190, 230 [200, 210]

190, 230 [150, 260]
140, 310 [140, 290]

140, 310 [140, 380]
250, 400 [190, 400]

250, 400
410, 400

410, 400 [440, 400]
410, 370 [440, 370]

410, 370 [380, 370]
410, 320 [380, 320]

410, 320 [440, 320]
480, 370 [480, 320]

480, 370 [480, 420]
410, 480 [460, 480]

410, 480
130, 480

130, 480 [70, 480]
30, 400 [30, 460]

30, 400 [30, 340]
100, 230 [60, 290]

100, 230 [140, 170]
160, 120 [160, 150]

160, 120 [160, 90]
110, 70 [140, 70]

110, 70
50, 70

50, 70 [20, 70]
50, 30 [20, 30]

-----------------------

50 30
420 30

420 30 460 30
460 60 490 30

460 60  430 90
280 170 350 130

280 170 240 190
190 230 200 210

190 230 150 260
140 310 140 290

140 310 140 380
250 400 190 400

250 400
410 400

410 400 440 400
410 370 440 370

410 370 380 370
410 320 380 320

410 320 440 320
480 370 480 320

480 370 480 420
410 480 460 480

410 480
130 480

130 480 70 480
30 400 30 460

30 400 30 340
100 230 60 290

100 230 140 170
160 120 160 150

160 120 160 90
110 70 140 70

110 70
50 70

50 70 20 70
50 30 20 30