300 950

150 950 50 950
0 800 0 900

0 800 0 700
150 250 100 400

150 250 200 100
50 150 100 150

50 150 0 150
50 50 0 50


200 50 300 50
350 150 350 100

350 150 350 200
300 250 350 200

300 250 250 300
300 400 250 350

300 400 350 450
300 500 325 475


100 700 50 750
150 850 50 850

150 850 250 850
300 750 300 800

300 750 300 700
450 650 350 650

450 650 550 650
600 600 575 625

600 600 610 590
600 550 625 575

600 550 590 540
600 500 575 525

600 500 610 490
600 450 625 475

600 450 575 425
600 400 590 410

600 400 650 350
750 350 700 350

850 350 1000 350
850 450 950 400

850 450 800 475
800 600 775 550

800 600 825 650
900 750 850 700

875 775 900 800
950 900 850 900

950 900 1000 900
950 1000 1000 1000

950 1000 850 1000
750 950 850 950


----------------------------- Pit lane

825 650 850 700
800 750 850 700

800 750 750 800
850 850 900 800

850 850 800 900
750 900 800 900


300 900 250 900
200 950 250 950