150 250 200 100
300 150 250 100

300 150 350 200
300 250 250 200

300 250 350 300
350 450 450 350

350 450


300 750 300 700
250 650 300 650

250 650 200 650
250 600 200 600

250 600 300 600
350 650 300 650


600 450 550 400
500 350 500 450

500 350 500 300
550 300 500 250

550 300 600 350
600 300 650 350

600 300 550 250
600 200 550 250

600 200 650 150
700 200 650 150

700 200 750 250
800 350 750 350


850 450 800 450
700 550 650 450

700 550 750 650
700 700 800 700

700 700 600 700
550 750 500 700

550 750 600 800
500 850 600 850

500 850 450 850
450 800 400 850

450 800 500 750
400 700 600 700

400 700 350 700
350 800 350 750

350 800 350 850
300 850 350 850

300 850 250 850
200 900 250 900

200 900 150 900
50 850 50 950

50 850
50 550